# generated by Slic3r 1.2.0 on Sun Nov  2 18:56:04 2014
bed_shape = 79.5618x8.36228,78.2518x16.6329,76.0845x24.7214,73.0836x32.5389,69.282x40,64.7214x47.0228,59.4516x53.5304,53.5304x59.4516,47.0228x64.7214,40x69.282,32.5389x73.0836,24.7214x76.0845,16.6329x78.2518,8.36228x79.5618,0x80,-8.36228x79.5618,-16.6329x78.2518,-24.7214x76.0845,-32.5389x73.0836,-40x69.282,-47.0228x64.7214,-53.5304x59.4516,-59.4516x53.5304,-64.7214x47.0228,-69.282x40,-73.0836x32.5389,-76.0845x24.7214,-78.2518x16.6329,-79.5618x8.36228,-80x0,-79.5618x-8.36228,-78.2518x-16.6329,-76.0845x-24.7214,-73.0836x-32.5389,-69.282x-40,-64.7214x-47.0228,-59.4516x-53.5304,-53.5304x-59.4516,-47.0228x-64.7214,-40x-69.282,-32.5389x-73.0836,-24.7214x-76.0845,-16.6329x-78.2518,-8.36228x-79.5618,0x-80,8.36228x-79.5618,16.6329x-78.2518,24.7214x-76.0845,32.5389x-73.0836,40x-69.282,47.0228x-64.7214,53.5304x-59.4516,59.4516x-53.5304,64.7214x-47.0228,69.282x-40,73.0836x-32.5389,76.0845x-24.7214,78.2518x-16.6329,79.5618x-8.36228,80x0
end_gcode = M104 S0 ; turn off temperature\nG28 X0  ; home X axis\nM84     ; disable motors
extruder_offset = 0x0
gcode_flavor = reprap
layer_gcode = 
nozzle_diameter = 0.5
retract_before_travel = 2
retract_layer_change = 0
retract_length = 0
retract_length_toolchange = 10
retract_lift = 0
retract_restart_extra = 0
retract_restart_extra_toolchange = 0
retract_speed = 10
start_gcode = G28 ; home all axes\nG1 Z5 F5000 ; lift nozzle
toolchange_gcode = 
use_firmware_retraction = 0
use_relative_e_distances = 0
vibration_limit = 0
wipe = 1
z_offset = 0
